image: 7cbd34a0-6dca-11ee-a71b-7bd030d5aa54.pgm
resolution: 0.050000
origin: [-23.637103, -32.387033, 0.000000]
negate: 0
occupied_thresh: 0.65
free_thresh: 0.196

