image: 7fffa000-740d-11ee-8cbf-5f8edf181393.pgm
resolution: 0.050000
origin: [-31.890695, -28.680014, 0.000000]
negate: 0
occupied_thresh: 0.65
free_thresh: 0.196

