image: 8ad0d580-1b11-11ee-914f-359bdc142cd4.pgm
resolution: 0.050000
origin: [-3.000000, -10.250000, 0.000000]
negate: 0
occupied_thresh: 0.65
free_thresh: 0.196

