image: 8fa5fec0-08fe-11ee-bd38-572a1ebf1f3a.pgm
resolution: 0.050000
origin: [-18.494708, -17.669957, 0.000000]
negate: 0
occupied_thresh: 0.65
free_thresh: 0.196

