image: 8fb342a0-7411-11ee-8cbf-5f8edf181393.pgm
resolution: 0.050000
origin: [-38.214740, -30.537692, 0.000000]
negate: 0
occupied_thresh: 0.65
free_thresh: 0.196

