image: dedb6b30-740e-11ee-8cbf-5f8edf181393.pgm
resolution: 0.050000
origin: [-33.085605, -26.928296, 0.000000]
negate: 0
occupied_thresh: 0.65
free_thresh: 0.196

